(kicad_pcb (version 20171130) (host pcbnew "(5.1.4)-1")

  (general
    (thickness 1.6)
    (drawings 0)
    (tracks 0)
    (zones 0)
    (modules 356)
    (nets 272)
  )

  (page A2)
  (layers
    (0 F.Cu signal)
    (31 B.Cu signal)
    (32 B.Adhes user)
    (33 F.Adhes user)
    (34 B.Paste user)
    (35 F.Paste user)
    (36 B.SilkS user)
    (37 F.SilkS user)
    (38 B.Mask user)
    (39 F.Mask user)
    (40 Dwgs.User user)
    (41 Cmts.User user)
    (42 Eco1.User user)
    (43 Eco2.User user)
    (44 Edge.Cuts user)
    (45 Margin user)
    (46 B.CrtYd user)
    (47 F.CrtYd user)
    (48 B.Fab user)
    (49 F.Fab user)
  )

  (setup
    (last_trace_width 0.25)
    (trace_clearance 0.2)
    (zone_clearance 0.508)
    (zone_45_only no)
    (trace_min 0.2)
    (via_size 0.8)
    (via_drill 0.4)
    (via_min_size 0.4)
    (via_min_drill 0.3)
    (uvia_size 0.3)
    (uvia_drill 0.1)
    (uvias_allowed no)
    (uvia_min_size 0.2)
    (uvia_min_drill 0.1)
    (edge_width 0.05)
    (segment_width 0.2)
    (pcb_text_width 0.3)
    (pcb_text_size 1.5 1.5)
    (mod_edge_width 0.12)
    (mod_text_size 1 1)
    (mod_text_width 0.15)
    (pad_size 1.524 1.524)
    (pad_drill 0.762)
    (pad_to_mask_clearance 0.051)
    (solder_mask_min_width 0.25)
    (aux_axis_origin 0 0)
    (visible_elements 7FFFF7FF)
    (pcbplotparams
      (layerselection 0x010fc_ffffffff)
      (usegerberextensions false)
      (usegerberattributes false)
      (usegerberadvancedattributes false)
      (creategerberjobfile false)
      (excludeedgelayer true)
      (linewidth 0.100000)
      (plotframeref false)
      (viasonmask false)
      (mode 1)
      (useauxorigin false)
      (hpglpennumber 1)
      (hpglpenspeed 20)
      (hpglpendiameter 15.000000)
      (psnegative false)
      (psa4output false)
      (plotreference true)
      (plotvalue true)
      (plotinvisibletext false)
      (padsonsilk false)
      (subtractmaskfromsilk false)
      (outputformat 1)
      (mirror false)
      (drillshape 1)
      (scaleselection 1)
      (outputdirectory ""))
  )

  (net 0 "")
  (net 1 GND)
  (net 2 VCC)
  (net 3 "Net-(C3-Pad1)")
  (net 4 "Net-(C7-Pad1)")
  (net 5 "Net-(C8-Pad2)")
  (net 6 "Net-(D1-Pad2)")
  (net 7 /row0)
  (net 8 "Net-(D2-Pad2)")
  (net 9 /row1)
  (net 10 "Net-(D3-Pad2)")
  (net 11 /row2)
  (net 12 "Net-(D4-Pad2)")
  (net 13 /row3)
  (net 14 "Net-(D5-Pad2)")
  (net 15 /row4)
  (net 16 "Net-(D6-Pad2)")
  (net 17 /row5)
  (net 18 "Net-(D7-Pad2)")
  (net 19 /row6)
  (net 20 "Net-(D8-Pad2)")
  (net 21 /row7)
  (net 22 "Net-(D9-Pad2)")
  (net 23 "Net-(D10-Pad2)")
  (net 24 "Net-(D11-Pad2)")
  (net 25 "Net-(D12-Pad2)")
  (net 26 "Net-(D13-Pad2)")
  (net 27 "Net-(D14-Pad2)")
  (net 28 "Net-(D15-Pad2)")
  (net 29 "Net-(D16-Pad2)")
  (net 30 "Net-(D17-Pad2)")
  (net 31 "Net-(D18-Pad2)")
  (net 32 "Net-(D19-Pad2)")
  (net 33 "Net-(D20-Pad2)")
  (net 34 "Net-(D21-Pad2)")
  (net 35 "Net-(D22-Pad2)")
  (net 36 "Net-(D23-Pad2)")
  (net 37 "Net-(D24-Pad2)")
  (net 38 "Net-(D25-Pad2)")
  (net 39 "Net-(D26-Pad2)")
  (net 40 "Net-(D27-Pad2)")
  (net 41 "Net-(D28-Pad2)")
  (net 42 "Net-(D29-Pad2)")
  (net 43 "Net-(D30-Pad2)")
  (net 44 "Net-(D31-Pad2)")
  (net 45 "Net-(D32-Pad2)")
  (net 46 "Net-(D33-Pad2)")
  (net 47 "Net-(D34-Pad2)")
  (net 48 "Net-(D35-Pad2)")
  (net 49 "Net-(D36-Pad2)")
  (net 50 "Net-(D37-Pad2)")
  (net 51 "Net-(D38-Pad2)")
  (net 52 "Net-(D39-Pad2)")
  (net 53 "Net-(D40-Pad2)")
  (net 54 "Net-(D41-Pad2)")
  (net 55 "Net-(D42-Pad2)")
  (net 56 "Net-(D43-Pad2)")
  (net 57 "Net-(D44-Pad2)")
  (net 58 "Net-(D45-Pad2)")
  (net 59 "Net-(D46-Pad2)")
  (net 60 "Net-(D47-Pad2)")
  (net 61 "Net-(D48-Pad2)")
  (net 62 "Net-(D49-Pad2)")
  (net 63 "Net-(D50-Pad2)")
  (net 64 "Net-(D51-Pad2)")
  (net 65 "Net-(D52-Pad2)")
  (net 66 "Net-(D53-Pad2)")
  (net 67 "Net-(D54-Pad2)")
  (net 68 "Net-(D55-Pad2)")
  (net 69 "Net-(D56-Pad2)")
  (net 70 "Net-(D57-Pad2)")
  (net 71 "Net-(D58-Pad2)")
  (net 72 "Net-(D59-Pad2)")
  (net 73 "Net-(D60-Pad2)")
  (net 74 "Net-(D61-Pad2)")
  (net 75 "Net-(D62-Pad2)")
  (net 76 "Net-(D63-Pad2)")
  (net 77 "Net-(D64-Pad2)")
  (net 78 "Net-(D65-Pad2)")
  (net 79 "Net-(D66-Pad2)")
  (net 80 "Net-(D67-Pad2)")
  (net 81 "Net-(D68-Pad2)")
  (net 82 "Net-(D69-Pad2)")
  (net 83 "Net-(D70-Pad2)")
  (net 84 "Net-(D71-Pad2)")
  (net 85 "Net-(D72-Pad2)")
  (net 86 "Net-(D73-Pad2)")
  (net 87 "Net-(D74-Pad2)")
  (net 88 "Net-(D75-Pad2)")
  (net 89 "Net-(D76-Pad2)")
  (net 90 "Net-(D77-Pad2)")
  (net 91 "Net-(D78-Pad2)")
  (net 92 "Net-(D79-Pad2)")
  (net 93 "Net-(D80-Pad2)")
  (net 94 "Net-(D81-Pad2)")
  (net 95 "Net-(D82-Pad2)")
  (net 96 "Net-(D83-Pad2)")
  (net 97 "Net-(D84-Pad2)")
  (net 98 "Net-(D85-Pad2)")
  (net 99 "Net-(D86-Pad2)")
  (net 100 "Net-(D87-Pad2)")
  (net 101 "Net-(D88-Pad2)")
  (net 102 "Net-(D89-Pad2)")
  (net 103 "Net-(D90-Pad2)")
  (net 104 "Net-(D91-Pad2)")
  (net 105 "Net-(D92-Pad2)")
  (net 106 "Net-(D93-Pad2)")
  (net 107 "Net-(D94-Pad2)")
  (net 108 "Net-(D95-Pad2)")
  (net 109 "Net-(D96-Pad2)")
  (net 110 "Net-(D97-Pad2)")
  (net 111 "Net-(D98-Pad2)")
  (net 112 "Net-(D99-Pad2)")
  (net 113 "Net-(D100-Pad2)")
  (net 114 "Net-(D101-Pad2)")
  (net 115 "Net-(D102-Pad2)")
  (net 116 "Net-(D103-Pad2)")
  (net 117 "Net-(D104-Pad2)")
  (net 118 /LEDDATA)
  (net 119 /col0)
  (net 120 /col1)
  (net 121 /col2)
  (net 122 /col3)
  (net 123 /col4)
  (net 124 /col5)
  (net 125 /col6)
  (net 126 /col7)
  (net 127 /col8)
  (net 128 /col9)
  (net 129 /col10)
  (net 130 /col11)
  (net 131 /col12)
  (net 132 "Net-(P1-PadA5)")
  (net 133 "Net-(P1-PadA6)")
  (net 134 "Net-(P1-PadA7)")
  (net 135 "Net-(P1-PadB5)")
  (net 136 "Net-(R1-Pad2)")
  (net 137 "Net-(R4-Pad2)")
  (net 138 "Net-(R5-Pad2)")
  (net 139 "Net-(R6-Pad2)")
  (net 140 "Net-(R7-Pad1)")
  (net 141 "Net-(U1-Pad25)")
  (net 142 "Net-(U1-Pad26)")
  (net 143 "Net-(U1-Pad42)")
  (net 144 "Net-(D105-Pad1)")
  (net 145 "Net-(D106-Pad1)")
  (net 146 "Net-(D106-Pad3)")
  (net 147 "Net-(D107-Pad3)")
  (net 148 "Net-(D107-Pad1)")
  (net 149 "Net-(D108-Pad3)")
  (net 150 "Net-(D108-Pad1)")
  (net 151 "Net-(D109-Pad1)")
  (net 152 "Net-(D109-Pad3)")
  (net 153 "Net-(D110-Pad3)")
  (net 154 "Net-(D110-Pad1)")
  (net 155 "Net-(D111-Pad1)")
  (net 156 "Net-(D111-Pad3)")
  (net 157 "Net-(D112-Pad3)")
  (net 158 "Net-(D112-Pad1)")
  (net 159 "Net-(D113-Pad1)")
  (net 160 "Net-(D114-Pad1)")
  (net 161 "Net-(D115-Pad1)")
  (net 162 "Net-(D116-Pad1)")
  (net 163 "Net-(D117-Pad1)")
  (net 164 "Net-(D118-Pad1)")
  (net 165 "Net-(D119-Pad1)")
  (net 166 "Net-(D120-Pad1)")
  (net 167 "Net-(D121-Pad1)")
  (net 168 "Net-(D122-Pad1)")
  (net 169 "Net-(D123-Pad1)")
  (net 170 "Net-(D124-Pad1)")
  (net 171 "Net-(D125-Pad1)")
  (net 172 "Net-(D126-Pad1)")
  (net 173 "Net-(D127-Pad1)")
  (net 174 "Net-(D128-Pad1)")
  (net 175 "Net-(D129-Pad1)")
  (net 176 "Net-(D130-Pad1)")
  (net 177 "Net-(D131-Pad1)")
  (net 178 "Net-(D132-Pad1)")
  (net 179 "Net-(D133-Pad1)")
  (net 180 "Net-(D134-Pad1)")
  (net 181 "Net-(D135-Pad1)")
  (net 182 "Net-(D136-Pad1)")
  (net 183 "Net-(D137-Pad1)")
  (net 184 "Net-(D138-Pad1)")
  (net 185 "Net-(D139-Pad1)")
  (net 186 "Net-(D140-Pad1)")
  (net 187 "Net-(D141-Pad1)")
  (net 188 "Net-(D142-Pad1)")
  (net 189 "Net-(D143-Pad1)")
  (net 190 "Net-(D144-Pad1)")
  (net 191 "Net-(D145-Pad1)")
  (net 192 "Net-(D146-Pad1)")
  (net 193 "Net-(D147-Pad1)")
  (net 194 "Net-(D148-Pad1)")
  (net 195 "Net-(D149-Pad1)")
  (net 196 "Net-(D150-Pad1)")
  (net 197 "Net-(D151-Pad1)")
  (net 198 "Net-(D152-Pad1)")
  (net 199 "Net-(D153-Pad1)")
  (net 200 "Net-(D154-Pad1)")
  (net 201 "Net-(D155-Pad1)")
  (net 202 "Net-(D156-Pad1)")
  (net 203 "Net-(D157-Pad1)")
  (net 204 "Net-(D158-Pad1)")
  (net 205 "Net-(D159-Pad1)")
  (net 206 "Net-(D160-Pad1)")
  (net 207 "Net-(D161-Pad1)")
  (net 208 "Net-(D162-Pad1)")
  (net 209 "Net-(D163-Pad1)")
  (net 210 "Net-(D164-Pad1)")
  (net 211 "Net-(D165-Pad1)")
  (net 212 "Net-(D166-Pad1)")
  (net 213 "Net-(D167-Pad1)")
  (net 214 "Net-(D168-Pad1)")
  (net 215 "Net-(D169-Pad1)")
  (net 216 "Net-(D170-Pad1)")
  (net 217 "Net-(D171-Pad1)")
  (net 218 "Net-(D172-Pad1)")
  (net 219 "Net-(D173-Pad1)")
  (net 220 "Net-(D174-Pad1)")
  (net 221 "Net-(D175-Pad1)")
  (net 222 "Net-(D176-Pad1)")
  (net 223 "Net-(D177-Pad1)")
  (net 224 "Net-(D178-Pad1)")
  (net 225 "Net-(D179-Pad1)")
  (net 226 "Net-(D180-Pad1)")
  (net 227 "Net-(D181-Pad1)")
  (net 228 "Net-(D182-Pad1)")
  (net 229 "Net-(D183-Pad1)")
  (net 230 "Net-(D184-Pad1)")
  (net 231 "Net-(D185-Pad1)")
  (net 232 "Net-(D186-Pad1)")
  (net 233 "Net-(D187-Pad1)")
  (net 234 "Net-(D188-Pad1)")
  (net 235 "Net-(D189-Pad1)")
  (net 236 "Net-(D190-Pad1)")
  (net 237 "Net-(D191-Pad1)")
  (net 238 "Net-(D192-Pad1)")
  (net 239 "Net-(D193-Pad1)")
  (net 240 "Net-(D194-Pad1)")
  (net 241 "Net-(D195-Pad1)")
  (net 242 "Net-(D196-Pad1)")
  (net 243 "Net-(D197-Pad1)")
  (net 244 "Net-(D198-Pad1)")
  (net 245 "Net-(D199-Pad1)")
  (net 246 "Net-(D200-Pad1)")
  (net 247 "Net-(D201-Pad1)")
  (net 248 "Net-(D202-Pad1)")
  (net 249 "Net-(D203-Pad1)")
  (net 250 "Net-(D204-Pad1)")
  (net 251 "Net-(D205-Pad1)")
  (net 252 "Net-(D206-Pad1)")
  (net 253 "Net-(D207-Pad1)")
  (net 254 "Net-(D208-Pad1)")
  (net 255 "Net-(D209-Pad1)")
  (net 256 "Net-(D210-Pad1)")
  (net 257 "Net-(D211-Pad1)")
  (net 258 "Net-(D212-Pad1)")
  (net 259 "Net-(D213-Pad1)")
  (net 260 "Net-(D214-Pad1)")
  (net 261 "Net-(D215-Pad1)")
  (net 262 "Net-(D216-Pad1)")
  (net 263 "Net-(D217-Pad1)")
  (net 264 "Net-(D218-Pad1)")
  (net 265 "Net-(D219-Pad1)")
  (net 266 "Net-(D220-Pad1)")
  (net 267 "Net-(D221-Pad1)")
  (net 268 "Net-(D222-Pad1)")
  (net 269 "Net-(D223-Pad1)")
  (net 270 "Net-(D224-Pad1)")
  (net 271 "Net-(D232-Pad1)")

  (net_class Default "This is the default net class."
    (clearance 0.2)
    (trace_width 0.25)
    (via_dia 0.8)
    (via_drill 0.4)
    (uvia_dia 0.3)
    (uvia_drill 0.1)
    (add_net /LEDDATA)
    (add_net /col0)
    (add_net /col1)
    (add_net /col10)
    (add_net /col11)
    (add_net /col12)
    (add_net /col2)
    (add_net /col3)
    (add_net /col4)
    (add_net /col5)
    (add_net /col6)
    (add_net /col7)
    (add_net /col8)
    (add_net /col9)
    (add_net /row0)
    (add_net /row1)
    (add_net /row2)
    (add_net /row3)
    (add_net /row4)
    (add_net /row5)
    (add_net /row6)
    (add_net /row7)
    (add_net GND)
    (add_net "Net-(C3-Pad1)")
    (add_net "Net-(C7-Pad1)")
    (add_net "Net-(C8-Pad2)")
    (add_net "Net-(D1-Pad2)")
    (add_net "Net-(D10-Pad2)")
    (add_net "Net-(D100-Pad2)")
    (add_net "Net-(D101-Pad2)")
    (add_net "Net-(D102-Pad2)")
    (add_net "Net-(D103-Pad2)")
    (add_net "Net-(D104-Pad2)")
    (add_net "Net-(D105-Pad1)")
    (add_net "Net-(D106-Pad1)")
    (add_net "Net-(D106-Pad3)")
    (add_net "Net-(D107-Pad1)")
    (add_net "Net-(D107-Pad3)")
    (add_net "Net-(D108-Pad1)")
    (add_net "Net-(D108-Pad3)")
    (add_net "Net-(D109-Pad1)")
    (add_net "Net-(D109-Pad3)")
    (add_net "Net-(D11-Pad2)")
    (add_net "Net-(D110-Pad1)")
    (add_net "Net-(D110-Pad3)")
    (add_net "Net-(D111-Pad1)")
    (add_net "Net-(D111-Pad3)")
    (add_net "Net-(D112-Pad1)")
    (add_net "Net-(D112-Pad3)")
    (add_net "Net-(D113-Pad1)")
    (add_net "Net-(D114-Pad1)")
    (add_net "Net-(D115-Pad1)")
    (add_net "Net-(D116-Pad1)")
    (add_net "Net-(D117-Pad1)")
    (add_net "Net-(D118-Pad1)")
    (add_net "Net-(D119-Pad1)")
    (add_net "Net-(D12-Pad2)")
    (add_net "Net-(D120-Pad1)")
    (add_net "Net-(D121-Pad1)")
    (add_net "Net-(D122-Pad1)")
    (add_net "Net-(D123-Pad1)")
    (add_net "Net-(D124-Pad1)")
    (add_net "Net-(D125-Pad1)")
    (add_net "Net-(D126-Pad1)")
    (add_net "Net-(D127-Pad1)")
    (add_net "Net-(D128-Pad1)")
    (add_net "Net-(D129-Pad1)")
    (add_net "Net-(D13-Pad2)")
    (add_net "Net-(D130-Pad1)")
    (add_net "Net-(D131-Pad1)")
    (add_net "Net-(D132-Pad1)")
    (add_net "Net-(D133-Pad1)")
    (add_net "Net-(D134-Pad1)")
    (add_net "Net-(D135-Pad1)")
    (add_net "Net-(D136-Pad1)")
    (add_net "Net-(D137-Pad1)")
    (add_net "Net-(D138-Pad1)")
    (add_net "Net-(D139-Pad1)")
    (add_net "Net-(D14-Pad2)")
    (add_net "Net-(D140-Pad1)")
    (add_net "Net-(D141-Pad1)")
    (add_net "Net-(D142-Pad1)")
    (add_net "Net-(D143-Pad1)")
    (add_net "Net-(D144-Pad1)")
    (add_net "Net-(D145-Pad1)")
    (add_net "Net-(D146-Pad1)")
    (add_net "Net-(D147-Pad1)")
    (add_net "Net-(D148-Pad1)")
    (add_net "Net-(D149-Pad1)")
    (add_net "Net-(D15-Pad2)")
    (add_net "Net-(D150-Pad1)")
    (add_net "Net-(D151-Pad1)")
    (add_net "Net-(D152-Pad1)")
    (add_net "Net-(D153-Pad1)")
    (add_net "Net-(D154-Pad1)")
    (add_net "Net-(D155-Pad1)")
    (add_net "Net-(D156-Pad1)")
    (add_net "Net-(D157-Pad1)")
    (add_net "Net-(D158-Pad1)")
    (add_net "Net-(D159-Pad1)")
    (add_net "Net-(D16-Pad2)")
    (add_net "Net-(D160-Pad1)")
    (add_net "Net-(D161-Pad1)")
    (add_net "Net-(D162-Pad1)")
    (add_net "Net-(D163-Pad1)")
    (add_net "Net-(D164-Pad1)")
    (add_net "Net-(D165-Pad1)")
    (add_net "Net-(D166-Pad1)")
    (add_net "Net-(D167-Pad1)")
    (add_net "Net-(D168-Pad1)")
    (add_net "Net-(D169-Pad1)")
    (add_net "Net-(D17-Pad2)")
    (add_net "Net-(D170-Pad1)")
    (add_net "Net-(D171-Pad1)")
    (add_net "Net-(D172-Pad1)")
    (add_net "Net-(D173-Pad1)")
    (add_net "Net-(D174-Pad1)")
    (add_net "Net-(D175-Pad1)")
    (add_net "Net-(D176-Pad1)")
    (add_net "Net-(D177-Pad1)")
    (add_net "Net-(D178-Pad1)")
    (add_net "Net-(D179-Pad1)")
    (add_net "Net-(D18-Pad2)")
    (add_net "Net-(D180-Pad1)")
    (add_net "Net-(D181-Pad1)")
    (add_net "Net-(D182-Pad1)")
    (add_net "Net-(D183-Pad1)")
    (add_net "Net-(D184-Pad1)")
    (add_net "Net-(D185-Pad1)")
    (add_net "Net-(D186-Pad1)")
    (add_net "Net-(D187-Pad1)")
    (add_net "Net-(D188-Pad1)")
    (add_net "Net-(D189-Pad1)")
    (add_net "Net-(D19-Pad2)")
    (add_net "Net-(D190-Pad1)")
    (add_net "Net-(D191-Pad1)")
    (add_net "Net-(D192-Pad1)")
    (add_net "Net-(D193-Pad1)")
    (add_net "Net-(D194-Pad1)")
    (add_net "Net-(D195-Pad1)")
    (add_net "Net-(D196-Pad1)")
    (add_net "Net-(D197-Pad1)")
    (add_net "Net-(D198-Pad1)")
    (add_net "Net-(D199-Pad1)")
    (add_net "Net-(D2-Pad2)")
    (add_net "Net-(D20-Pad2)")
    (add_net "Net-(D200-Pad1)")
    (add_net "Net-(D201-Pad1)")
    (add_net "Net-(D202-Pad1)")
    (add_net "Net-(D203-Pad1)")
    (add_net "Net-(D204-Pad1)")
    (add_net "Net-(D205-Pad1)")
    (add_net "Net-(D206-Pad1)")
    (add_net "Net-(D207-Pad1)")
    (add_net "Net-(D208-Pad1)")
    (add_net "Net-(D209-Pad1)")
    (add_net "Net-(D21-Pad2)")
    (add_net "Net-(D210-Pad1)")
    (add_net "Net-(D211-Pad1)")
    (add_net "Net-(D212-Pad1)")
    (add_net "Net-(D213-Pad1)")
    (add_net "Net-(D214-Pad1)")
    (add_net "Net-(D215-Pad1)")
    (add_net "Net-(D216-Pad1)")
    (add_net "Net-(D217-Pad1)")
    (add_net "Net-(D218-Pad1)")
    (add_net "Net-(D219-Pad1)")
    (add_net "Net-(D22-Pad2)")
    (add_net "Net-(D220-Pad1)")
    (add_net "Net-(D221-Pad1)")
    (add_net "Net-(D222-Pad1)")
    (add_net "Net-(D223-Pad1)")
    (add_net "Net-(D224-Pad1)")
    (add_net "Net-(D23-Pad2)")
    (add_net "Net-(D232-Pad1)")
    (add_net "Net-(D24-Pad2)")
    (add_net "Net-(D25-Pad2)")
    (add_net "Net-(D26-Pad2)")
    (add_net "Net-(D27-Pad2)")
    (add_net "Net-(D28-Pad2)")
    (add_net "Net-(D29-Pad2)")
    (add_net "Net-(D3-Pad2)")
    (add_net "Net-(D30-Pad2)")
    (add_net "Net-(D31-Pad2)")
    (add_net "Net-(D32-Pad2)")
    (add_net "Net-(D33-Pad2)")
    (add_net "Net-(D34-Pad2)")
    (add_net "Net-(D35-Pad2)")
    (add_net "Net-(D36-Pad2)")
    (add_net "Net-(D37-Pad2)")
    (add_net "Net-(D38-Pad2)")
    (add_net "Net-(D39-Pad2)")
    (add_net "Net-(D4-Pad2)")
    (add_net "Net-(D40-Pad2)")
    (add_net "Net-(D41-Pad2)")
    (add_net "Net-(D42-Pad2)")
    (add_net "Net-(D43-Pad2)")
    (add_net "Net-(D44-Pad2)")
    (add_net "Net-(D45-Pad2)")
    (add_net "Net-(D46-Pad2)")
    (add_net "Net-(D47-Pad2)")
    (add_net "Net-(D48-Pad2)")
    (add_net "Net-(D49-Pad2)")
    (add_net "Net-(D5-Pad2)")
    (add_net "Net-(D50-Pad2)")
    (add_net "Net-(D51-Pad2)")
    (add_net "Net-(D52-Pad2)")
    (add_net "Net-(D53-Pad2)")
    (add_net "Net-(D54-Pad2)")
    (add_net "Net-(D55-Pad2)")
    (add_net "Net-(D56-Pad2)")
    (add_net "Net-(D57-Pad2)")
    (add_net "Net-(D58-Pad2)")
    (add_net "Net-(D59-Pad2)")
    (add_net "Net-(D6-Pad2)")
    (add_net "Net-(D60-Pad2)")
    (add_net "Net-(D61-Pad2)")
    (add_net "Net-(D62-Pad2)")
    (add_net "Net-(D63-Pad2)")
    (add_net "Net-(D64-Pad2)")
    (add_net "Net-(D65-Pad2)")
    (add_net "Net-(D66-Pad2)")
    (add_net "Net-(D67-Pad2)")
    (add_net "Net-(D68-Pad2)")
    (add_net "Net-(D69-Pad2)")
    (add_net "Net-(D7-Pad2)")
    (add_net "Net-(D70-Pad2)")
    (add_net "Net-(D71-Pad2)")
    (add_net "Net-(D72-Pad2)")
    (add_net "Net-(D73-Pad2)")
    (add_net "Net-(D74-Pad2)")
    (add_net "Net-(D75-Pad2)")
    (add_net "Net-(D76-Pad2)")
    (add_net "Net-(D77-Pad2)")
    (add_net "Net-(D78-Pad2)")
    (add_net "Net-(D79-Pad2)")
    (add_net "Net-(D8-Pad2)")
    (add_net "Net-(D80-Pad2)")
    (add_net "Net-(D81-Pad2)")
    (add_net "Net-(D82-Pad2)")
    (add_net "Net-(D83-Pad2)")
    (add_net "Net-(D84-Pad2)")
    (add_net "Net-(D85-Pad2)")
    (add_net "Net-(D86-Pad2)")
    (add_net "Net-(D87-Pad2)")
    (add_net "Net-(D88-Pad2)")
    (add_net "Net-(D89-Pad2)")
    (add_net "Net-(D9-Pad2)")
    (add_net "Net-(D90-Pad2)")
    (add_net "Net-(D91-Pad2)")
    (add_net "Net-(D92-Pad2)")
    (add_net "Net-(D93-Pad2)")
    (add_net "Net-(D94-Pad2)")
    (add_net "Net-(D95-Pad2)")
    (add_net "Net-(D96-Pad2)")
    (add_net "Net-(D97-Pad2)")
    (add_net "Net-(D98-Pad2)")
    (add_net "Net-(D99-Pad2)")
    (add_net "Net-(P1-PadA5)")
    (add_net "Net-(P1-PadA6)")
    (add_net "Net-(P1-PadA7)")
    (add_net "Net-(P1-PadB5)")
    (add_net "Net-(R1-Pad2)")
    (add_net "Net-(R4-Pad2)")
    (add_net "Net-(R5-Pad2)")
    (add_net "Net-(R6-Pad2)")
    (add_net "Net-(R7-Pad1)")
    (add_net "Net-(U1-Pad25)")
    (add_net "Net-(U1-Pad26)")
    (add_net "Net-(U1-Pad42)")
    (add_net VCC)
  )

  (module Capacitor_SMD:C_0805_2012Metric (layer F.Cu) (tedit 5B36C52B) (tstamp 5D740AA3)
    (at 387.245001 92.125001)
    (descr "Capacitor SMD 0805 (2012 Metric), square (rectangular) end terminal, IPC_7351 nominal, (Body size source: https://docs.google.com/spreadsheets/d/1BsfQQcO9C6DZCsRaXUlFlo91Tg2WpOkGARC1WS5S8t0/edit?usp=sharing), generated with kicad-footprint-generator")
    (tags capacitor)
    (path /5D7288BE)
    (attr smd)
    (fp_text reference C1 (at 0 -1.65) (layer F.SilkS)
      (effects (font (size 1 1) (thickness 0.15)))
    )
    (fp_text value 0.1u (at 0 1.65) (layer F.Fab)
      (effects (font (size 1 1) (thickness 0.15)))
    )
    (fp_text user %R (at 0 0) (layer F.Fab)
      (effects (font (size 0.5 0.5) (thickness 0.08)))
    )
    (fp_line (start 1.68 0.95) (end -1.68 0.95) (layer F.CrtYd) (width 0.05))
    (fp_line (start 1.68 -0.95) (end 1.68 0.95) (layer F.CrtYd) (width 0.05))
    (fp_line (start -1.68 -0.95) (end 1.68 -0.95) (layer F.CrtYd) (width 0.05))
    (fp_line (start -1.68 0.95) (end -1.68 -0.95) (layer F.CrtYd) (width 0.05))
    (fp_line (start -0.258578 0.71) (end 0.258578 0.71) (layer F.SilkS) (width 0.12))
    (fp_line (start -0.258578 -0.71) (end 0.258578 -0.71) (layer F.SilkS) (width 0.12))
    (fp_line (start 1 0.6) (end -1 0.6) (layer F.Fab) (width 0.1))
    (fp_line (start 1 -0.6) (end 1 0.6) (layer F.Fab) (width 0.1))
    (fp_line (start -1 -0.6) (end 1 -0.6) (layer F.Fab) (width 0.1))
    (fp_line (start -1 0.6) (end -1 -0.6) (layer F.Fab) (width 0.1))
    (pad 2 smd roundrect (at 0.9375 0) (size 0.975 1.4) (layers F.Cu F.Paste F.Mask) (roundrect_rratio 0.25)
      (net 1 GND))
    (pad 1 smd roundrect (at -0.9375 0) (size 0.975 1.4) (layers F.Cu F.Paste F.Mask) (roundrect_rratio 0.25)
      (net 2 VCC))
    (model ${KISYS3DMOD}/Capacitor_SMD.3dshapes/C_0805_2012Metric.wrl
      (at (xyz 0 0 0))
      (scale (xyz 1 1 1))
      (rotate (xyz 0 0 0))
    )
  )

  (module Capacitor_SMD:C_0805_2012Metric (layer F.Cu) (tedit 5B36C52B) (tstamp 5D740AB4)
    (at 280.125001 204.825001)
    (descr "Capacitor SMD 0805 (2012 Metric), square (rectangular) end terminal, IPC_7351 nominal, (Body size source: https://docs.google.com/spreadsheets/d/1BsfQQcO9C6DZCsRaXUlFlo91Tg2WpOkGARC1WS5S8t0/edit?usp=sharing), generated with kicad-footprint-generator")
    (tags capacitor)
    (path /5D729A22)
    (attr smd)
    (fp_text reference C2 (at 0 -1.65) (layer F.SilkS)
      (effects (font (size 1 1) (thickness 0.15)))
    )
    (fp_text value 0.1u (at 0 1.65) (layer F.Fab)
      (effects (font (size 1 1) (thickness 0.15)))
    )
    (fp_line (start -1 0.6) (end -1 -0.6) (layer F.Fab) (width 0.1))
    (fp_line (start -1 -0.6) (end 1 -0.6) (layer F.Fab) (width 0.1))
    (fp_line (start 1 -0.6) (end 1 0.6) (layer F.Fab) (width 0.1))
    (fp_line (start 1 0.6) (end -1 0.6) (layer F.Fab) (width 0.1))
    (fp_line (start -0.258578 -0.71) (end 0.258578 -0.71) (layer F.SilkS) (width 0.12))
    (fp_line (start -0.258578 0.71) (end 0.258578 0.71) (layer F.SilkS) (width 0.12))
    (fp_line (start -1.68 0.95) (end -1.68 -0.95) (layer F.CrtYd) (width 0.05))
    (fp_line (start -1.68 -0.95) (end 1.68 -0.95) (layer F.CrtYd) (width 0.05))
    (fp_line (start 1.68 -0.95) (end 1.68 0.95) (layer F.CrtYd) (width 0.05))
    (fp_line (start 1.68 0.95) (end -1.68 0.95) (layer F.CrtYd) (width 0.05))
    (fp_text user %R (at 0 0) (layer F.Fab)
      (effects (font (size 0.5 0.5) (thickness 0.08)))
    )
    (pad 1 smd roundrect (at -0.9375 0) (size 0.975 1.4) (layers F.Cu F.Paste F.Mask) (roundrect_rratio 0.25)
      (net 2 VCC))
    (pad 2 smd roundrect (at 0.9375 0) (size 0.975 1.4) (layers F.Cu F.Paste F.Mask) (roundrect_rratio 0.25)
      (net 1 GND))
    (model ${KISYS3DMOD}/Capacitor_SMD.3dshapes/C_0805_2012Metric.wrl
      (at (xyz 0 0 0))
      (scale (xyz 1 1 1))
      (rotate (xyz 0 0 0))
    )
  )

  (module Capacitor_SMD:C_0805_2012Metric (layer F.Cu) (tedit 5B36C52B) (tstamp 5D740AC5)
    (at 352.095001 132.205001)
    (descr "Capacitor SMD 0805 (2012 Metric), square (rectangular) end terminal, IPC_7351 nominal, (Body size source: https://docs.google.com/spreadsheets/d/1BsfQQcO9C6DZCsRaXUlFlo91Tg2WpOkGARC1WS5S8t0/edit?usp=sharing), generated with kicad-footprint-generator")
    (tags capacitor)
    (path /5D720D23)
    (attr smd)
    (fp_text reference C3 (at 0 -1.65) (layer F.SilkS)
      (effects (font (size 1 1) (thickness 0.15)))
    )
    (fp_text value 22p (at 0 1.65) (layer F.Fab)
      (effects (font (size 1 1) (thickness 0.15)))
    )
    (fp_text user %R (at 0 0) (layer F.Fab)
      (effects (font (size 0.5 0.5) (thickness 0.08)))
    )
    (fp_line (start 1.68 0.95) (end -1.68 0.95) (layer F.CrtYd) (width 0.05))
    (fp_line (start 1.68 -0.95) (end 1.68 0.95) (layer F.CrtYd) (width 0.05))
    (fp_line (start -1.68 -0.95) (end 1.68 -0.95) (layer F.CrtYd) (width 0.05))
    (fp_line (start -1.68 0.95) (end -1.68 -0.95) (layer F.CrtYd) (width 0.05))
    (fp_line (start -0.258578 0.71) (end 0.258578 0.71) (layer F.SilkS) (width 0.12))
    (fp_line (start -0.258578 -0.71) (end 0.258578 -0.71) (layer F.SilkS) (width 0.12))
    (fp_line (start 1 0.6) (end -1 0.6) (layer F.Fab) (width 0.1))
    (fp_line (start 1 -0.6) (end 1 0.6) (layer F.Fab) (width 0.1))
    (fp_line (start -1 -0.6) (end 1 -0.6) (layer F.Fab) (width 0.1))
    (fp_line (start -1 0.6) (end -1 -0.6) (layer F.Fab) (width 0.1))
    (pad 2 smd roundrect (at 0.9375 0) (size 0.975 1.4) (layers F.Cu F.Paste F.Mask) (roundrect_rratio 0.25)
      (net 1 GND))
    (pad 1 smd roundrect (at -0.9375 0) (size 0.975 1.4) (layers F.Cu F.Paste F.Mask) (roundrect_rratio 0.25)
      (net 3 "Net-(C3-Pad1)"))
    (model ${KISYS3DMOD}/Capacitor_SMD.3dshapes/C_0805_2012Metric.wrl
      (at (xyz 0 0 0))
      (scale (xyz 1 1 1))
      (rotate (xyz 0 0 0))
    )
  )

  (module Capacitor_SMD:C_0805_2012Metric (layer F.Cu) (tedit 5B36C52B) (tstamp 5D740AD6)
    (at 275.715001 204.825001)
    (descr "Capacitor SMD 0805 (2012 Metric), square (rectangular) end terminal, IPC_7351 nominal, (Body size source: https://docs.google.com/spreadsheets/d/1BsfQQcO9C6DZCsRaXUlFlo91Tg2WpOkGARC1WS5S8t0/edit?usp=sharing), generated with kicad-footprint-generator")
    (tags capacitor)
    (path /5D72A161)
    (attr smd)
    (fp_text reference C4 (at 0 -1.65) (layer F.SilkS)
      (effects (font (size 1 1) (thickness 0.15)))
    )
    (fp_text value 0.1u (at 0 1.65) (layer F.Fab)
      (effects (font (size 1 1) (thickness 0.15)))
    )
    (fp_text user %R (at 0 0) (layer F.Fab)
      (effects (font (size 0.5 0.5) (thickness 0.08)))
    )
    (fp_line (start 1.68 0.95) (end -1.68 0.95) (layer F.CrtYd) (width 0.05))
    (fp_line (start 1.68 -0.95) (end 1.68 0.95) (layer F.CrtYd) (width 0.05))
    (fp_line (start -1.68 -0.95) (end 1.68 -0.95) (layer F.CrtYd) (width 0.05))
    (fp_line (start -1.68 0.95) (end -1.68 -0.95) (layer F.CrtYd) (width 0.05))
    (fp_line (start -0.258578 0.71) (end 0.258578 0.71) (layer F.SilkS) (width 0.12))
    (fp_line (start -0.258578 -0.71) (end 0.258578 -0.71) (layer F.SilkS) (width 0.12))
    (fp_line (start 1 0.6) (end -1 0.6) (layer F.Fab) (width 0.1))
    (fp_line (start 1 -0.6) (end 1 0.6) (layer F.Fab) (width 0.1))
    (fp_line (start -1 -0.6) (end 1 -0.6) (layer F.Fab) (width 0.1))
    (fp_line (start -1 0.6) (end -1 -0.6) (layer F.Fab) (width 0.1))
    (pad 2 smd roundrect (at 0.9375 0) (size 0.975 1.4) (layers F.Cu F.Paste F.Mask) (roundrect_rratio 0.25)
      (net 1 GND))
    (pad 1 smd roundrect (at -0.9375 0) (size 0.975 1.4) (layers F.Cu F.Paste F.Mask) (roundrect_rratio 0.25)
      (net 2 VCC))
    (model ${KISYS3DMOD}/Capacitor_SMD.3dshapes/C_0805_2012Metric.wrl
      (at (xyz 0 0 0))
      (scale (xyz 1 1 1))
      (rotate (xyz 0 0 0))
    )
  )

  (module Capacitor_SMD:C_0805_2012Metric (layer F.Cu) (tedit 5B36C52B) (tstamp 5D740AE7)
    (at 387.245001 95.075001)
    (descr "Capacitor SMD 0805 (2012 Metric), square (rectangular) end terminal, IPC_7351 nominal, (Body size source: https://docs.google.com/spreadsheets/d/1BsfQQcO9C6DZCsRaXUlFlo91Tg2WpOkGARC1WS5S8t0/edit?usp=sharing), generated with kicad-footprint-generator")
    (tags capacitor)
    (path /5D72A63C)
    (attr smd)
    (fp_text reference C5 (at 0 -1.65) (layer F.SilkS)
      (effects (font (size 1 1) (thickness 0.15)))
    )
    (fp_text value 0.1u (at 0 1.65) (layer F.Fab)
      (effects (font (size 1 1) (thickness 0.15)))
    )
    (fp_line (start -1 0.6) (end -1 -0.6) (layer F.Fab) (width 0.1))
    (fp_line (start -1 -0.6) (end 1 -0.6) (layer F.Fab) (width 0.1))
    (fp_line (start 1 -0.6) (end 1 0.6) (layer F.Fab) (width 0.1))
    (fp_line (start 1 0.6) (end -1 0.6) (layer F.Fab) (width 0.1))
    (fp_line (start -0.258578 -0.71) (end 0.258578 -0.71) (layer F.SilkS) (width 0.12))
    (fp_line (start -0.258578 0.71) (end 0.258578 0.71) (layer F.SilkS) (width 0.12))
    (fp_line (start -1.68 0.95) (end -1.68 -0.95) (layer F.CrtYd) (width 0.05))
    (fp_line (start -1.68 -0.95) (end 1.68 -0.95) (layer F.CrtYd) (width 0.05))
    (fp_line (start 1.68 -0.95) (end 1.68 0.95) (layer F.CrtYd) (width 0.05))
    (fp_line (start 1.68 0.95) (end -1.68 0.95) (layer F.CrtYd) (width 0.05))
    (fp_text user %R (at 0 0) (layer F.Fab)
      (effects (font (size 0.5 0.5) (thickness 0.08)))
    )
    (pad 1 smd roundrect (at -0.9375 0) (size 0.975 1.4) (layers F.Cu F.Paste F.Mask) (roundrect_rratio 0.25)
      (net 2 VCC))
    (pad 2 smd roundrect (at 0.9375 0) (size 0.975 1.4) (layers F.Cu F.Paste F.Mask) (roundrect_rratio 0.25)
      (net 1 GND))
    (model ${KISYS3DMOD}/Capacitor_SMD.3dshapes/C_0805_2012Metric.wrl
      (at (xyz 0 0 0))
      (scale (xyz 1 1 1))
      (rotate (xyz 0 0 0))
    )
  )

  (module Capacitor_SMD:C_0805_2012Metric (layer F.Cu) (tedit 5B36C52B) (tstamp 5D740AF8)
    (at 248.925001 233.155001)
    (descr "Capacitor SMD 0805 (2012 Metric), square (rectangular) end terminal, IPC_7351 nominal, (Body size source: https://docs.google.com/spreadsheets/d/1BsfQQcO9C6DZCsRaXUlFlo91Tg2WpOkGARC1WS5S8t0/edit?usp=sharing), generated with kicad-footprint-generator")
    (tags capacitor)
    (path /5D72A908)
    (attr smd)
    (fp_text reference C6 (at 0 -1.65) (layer F.SilkS)
      (effects (font (size 1 1) (thickness 0.15)))
    )
    (fp_text value 4.7u (at 0 1.65) (layer F.Fab)
      (effects (font (size 1 1) (thickness 0.15)))
    )
    (fp_text user %R (at 0 0) (layer F.Fab)
      (effects (font (size 0.5 0.5) (thickness 0.08)))
    )
    (fp_line (start 1.68 0.95) (end -1.68 0.95) (layer F.CrtYd) (width 0.05))
    (fp_line (start 1.68 -0.95) (end 1.68 0.95) (layer F.CrtYd) (width 0.05))
    (fp_line (start -1.68 -0.95) (end 1.68 -0.95) (layer F.CrtYd) (width 0.05))
    (fp_line (start -1.68 0.95) (end -1.68 -0.95) (layer F.CrtYd) (width 0.05))
    (fp_line (start -0.258578 0.71) (end 0.258578 0.71) (layer F.SilkS) (width 0.12))
    (fp_line (start -0.258578 -0.71) (end 0.258578 -0.71) (layer F.SilkS) (width 0.12))
    (fp_line (start 1 0.6) (end -1 0.6) (layer F.Fab) (width 0.1))
    (fp_line (start 1 -0.6) (end 1 0.6) (layer F.Fab) (width 0.1))
    (fp_line (start -1 -0.6) (end 1 -0.6) (layer F.Fab) (width 0.1))
    (fp_line (start -1 0.6) (end -1 -0.6) (layer F.Fab) (width 0.1))
    (pad 2 smd roundrect (at 0.9375 0) (size 0.975 1.4) (layers F.Cu F.Paste F.Mask) (roundrect_rratio 0.25)
      (net 1 GND))
    (pad 1 smd roundrect (at -0.9375 0) (size 0.975 1.4) (layers F.Cu F.Paste F.Mask) (roundrect_rratio 0.25)
      (net 2 VCC))
    (model ${KISYS3DMOD}/Capacitor_SMD.3dshapes/C_0805_2012Metric.wrl
      (at (xyz 0 0 0))
      (scale (xyz 1 1 1))
      (rotate (xyz 0 0 0))
    )
  )

  (module Capacitor_SMD:C_0805_2012Metric (layer F.Cu) (tedit 5B36C52B) (tstamp 5D740B09)
    (at 328.065001 122.305001)
    (descr "Capacitor SMD 0805 (2012 Metric), square (rectangular) end terminal, IPC_7351 nominal, (Body size source: https://docs.google.com/spreadsheets/d/1BsfQQcO9C6DZCsRaXUlFlo91Tg2WpOkGARC1WS5S8t0/edit?usp=sharing), generated with kicad-footprint-generator")
    (tags capacitor)
    (path /5D721366)
    (attr smd)
    (fp_text reference C7 (at 0 -1.65) (layer F.SilkS)
      (effects (font (size 1 1) (thickness 0.15)))
    )
    (fp_text value 22p (at 0 1.65) (layer F.Fab)
      (effects (font (size 1 1) (thickness 0.15)))
    )
    (fp_line (start -1 0.6) (end -1 -0.6) (layer F.Fab) (width 0.1))
    (fp_line (start -1 -0.6) (end 1 -0.6) (layer F.Fab) (width 0.1))
    (fp_line (start 1 -0.6) (end 1 0.6) (layer F.Fab) (width 0.1))
    (fp_line (start 1 0.6) (end -1 0.6) (layer F.Fab) (width 0.1))
    (fp_line (start -0.258578 -0.71) (end 0.258578 -0.71) (layer F.SilkS) (width 0.12))
    (fp_line (start -0.258578 0.71) (end 0.258578 0.71) (layer F.SilkS) (width 0.12))
    (fp_line (start -1.68 0.95) (end -1.68 -0.95) (layer F.CrtYd) (width 0.05))
    (fp_line (start -1.68 -0.95) (end 1.68 -0.95) (layer F.CrtYd) (width 0.05))
    (fp_line (start 1.68 -0.95) (end 1.68 0.95) (layer F.CrtYd) (width 0.05))
    (fp_line (start 1.68 0.95) (end -1.68 0.95) (layer F.CrtYd) (width 0.05))
    (fp_text user %R (at 0 0) (layer F.Fab)
      (effects (font (size 0.5 0.5) (thickness 0.08)))
    )
    (pad 1 smd roundrect (at -0.9375 0) (size 0.975 1.4) (layers F.Cu F.Paste F.Mask) (roundrect_rratio 0.25)
      (net 4 "Net-(C7-Pad1)"))
    (pad 2 smd roundrect (at 0.9375 0) (size 0.975 1.4) (layers F.Cu F.Paste F.Mask) (roundrect_rratio 0.25)
      (net 1 GND))
    (model ${KISYS3DMOD}/Capacitor_SMD.3dshapes/C_0805_2012Metric.wrl
      (at (xyz 0 0 0))
      (scale (xyz 1 1 1))
      (rotate (xyz 0 0 0))
    )
  )

  (module Capacitor_SMD:C_0805_2012Metric (layer F.Cu) (tedit 5B36C52B) (tstamp 5D740B1A)
    (at 343.955001 106.955001)
    (descr "Capacitor SMD 0805 (2012 Metric), square (rectangular) end terminal, IPC_7351 nominal, (Body size source: https://docs.google.com/spreadsheets/d/1BsfQQcO9C6DZCsRaXUlFlo91Tg2WpOkGARC1WS5S8t0/edit?usp=sharing), generated with kicad-footprint-generator")
    (tags capacitor)
    (path /5D75088D)
    (attr smd)
    (fp_text reference C8 (at 0 -1.65) (layer F.SilkS)
      (effects (font (size 1 1) (thickness 0.15)))
    )
    (fp_text value 1u (at 0 1.65) (layer F.Fab)
      (effects (font (size 1 1) (thickness 0.15)))
    )
    (fp_line (start -1 0.6) (end -1 -0.6) (layer F.Fab) (width 0.1))
    (fp_line (start -1 -0.6) (end 1 -0.6) (layer F.Fab) (width 0.1))
    (fp_line (start 1 -0.6) (end 1 0.6) (layer F.Fab) (width 0.1))
    (fp_line (start 1 0.6) (end -1 0.6) (layer F.Fab) (width 0.1))
    (fp_line (start -0.258578 -0.71) (end 0.258578 -0.71) (layer F.SilkS) (width 0.12))
    (fp_line (start -0.258578 0.71) (end 0.258578 0.71) (layer F.SilkS) (width 0.12))
    (fp_line (start -1.68 0.95) (end -1.68 -0.95) (layer F.CrtYd) (width 0.05))
    (fp_line (start -1.68 -0.95) (end 1.68 -0.95) (layer F.CrtYd) (width 0.05))
    (fp_line (start 1.68 -0.95) (end 1.68 0.95) (layer F.CrtYd) (width 0.05))
    (fp_line (start 1.68 0.95) (end -1.68 0.95) (layer F.CrtYd) (width 0.05))
    (fp_text user %R (at 0 0) (layer F.Fab)
      (effects (font (size 0.5 0.5) (thickness 0.08)))
    )
    (pad 1 smd roundrect (at -0.9375 0) (size 0.975 1.4) (layers F.Cu F.Paste F.Mask) (roundrect_rratio 0.25)
      (net 1 GND))
    (pad 2 smd roundrect (at 0.9375 0) (size 0.975 1.4) (layers F.Cu F.Paste F.Mask) (roundrect_rratio 0.25)
      (net 5 "Net-(C8-Pad2)"))
    (model ${KISYS3DMOD}/Capacitor_SMD.3dshapes/C_0805_2012Metric.wrl
      (at (xyz 0 0 0))
      (scale (xyz 1 1 1))
      (rotate (xyz 0 0 0))
    )
  )

  (module keyboard1:D_SOD123_axial (layer F.Cu) (tedit 561B6A12) (tstamp 5D740B2D)
    (at 331.06 111.830001)
    (path /5DB04B1D)
    (attr smd)
    (fp_text reference D1 (at 0 1.925) (layer F.SilkS)
      (effects (font (size 0.8 0.8) (thickness 0.15)))
    )
    (fp_text value D (at 0 -1.925) (layer F.SilkS) hide
      (effects (font (size 0.8 0.8) (thickness 0.15)))
    )
    (fp_line (start -2.275 -1.2) (end -2.275 1.2) (layer F.SilkS) (width 0.2))
    (fp_line (start -2.45 -1.2) (end -2.45 1.2) (layer F.SilkS) (width 0.2))
    (fp_line (start -2.625 -1.2) (end -2.625 1.2) (layer F.SilkS) (width 0.2))
    (fp_line (start -3.025 1.2) (end -3.025 -1.2) (layer F.SilkS) (width 0.2))
    (fp_line (start -2.8 -1.2) (end -2.8 1.2) (layer F.SilkS) (width 0.2))
    (fp_line (start -2.925 -1.2) (end -2.925 1.2) (layer F.SilkS) (width 0.2))
    (fp_line (start -3 -1.2) (end 2.8 -1.2) (layer F.SilkS) (width 0.2))
    (fp_line (start 2.8 -1.2) (end 2.8 1.2) (layer F.SilkS) (width 0.2))
    (fp_line (start 2.8 1.2) (end -3 1.2) (layer F.SilkS) (width 0.2))
    (pad 2 smd rect (at 1.575 0) (size 1.2 1.2) (layers F.Cu F.Paste F.Mask)
      (net 6 "Net-(D1-Pad2)"))
    (pad 1 smd rect (at -1.575 0) (size 1.2 1.2) (layers F.Cu F.Paste F.Mask)
      (net 7 /row0))
    (pad 1 thru_hole rect (at -3.9 0) (size 1.6 1.6) (drill 0.7) (layers *.Cu *.Mask F.SilkS)
      (net 7 /row0))
    (pad 2 thru_hole circle (at 3.9 0) (size 1.6 1.6) (drill 0.7) (layers *.Cu *.Mask F.SilkS)
      (net 6 "Net-(D1-Pad2)"))
    (pad 1 smd rect (at -2.7 0) (size 2.5 0.5) (layers F.Cu)
      (net 7 /row0) (solder_mask_margin -999))
    (pad 2 smd rect (at 2.7 0) (size 2.5 0.5) (layers F.Cu)
      (net 6 "Net-(D1-Pad2)") (solder_mask_margin -999))
  )

  (module keyboard1:D_SOD123_axial (layer F.Cu) (tedit 561B6A12) (tstamp 5D740B40)
    (at 348.38 92.880001)
    (path /5DB311D4)
    (attr smd)
    (fp_text reference D2 (at 0 1.925) (layer F.SilkS)
      (effects (font (size 0.8 0.8) (thickness 0.15)))
    )
    (fp_text value D (at 0 -1.925) (layer F.SilkS) hide
      (effects (font (size 0.8 0.8) (thickness 0.15)))
    )
    (fp_line (start 2.8 1.2) (end -3 1.2) (layer F.SilkS) (width 0.2))
    (fp_line (start 2.8 -1.2) (end 2.8 1.2) (layer F.SilkS) (width 0.2))
    (fp_line (start -3 -1.2) (end 2.8 -1.2) (layer F.SilkS) (width 0.2))
    (fp_line (start -2.925 -1.2) (end -2.925 1.2) (layer F.SilkS) (width 0.2))
    (fp_line (start -2.8 -1.2) (end -2.8 1.2) (layer F.SilkS) (width 0.2))
    (fp_line (start -3.025 1.2) (end -3.025 -1.2) (layer F.SilkS) (width 0.2))
    (fp_line (start -2.625 -1.2) (end -2.625 1.2) (layer F.SilkS) (width 0.2))
    (fp_line (start -2.45 -1.2) (end -2.45 1.2) (layer F.SilkS) (width 0.2))
    (fp_line (start -2.275 -1.2) (end -2.275 1.2) (layer F.SilkS) (width 0.2))
    (pad 2 smd rect (at 2.7 0) (size 2.5 0.5) (layers F.Cu)
      (net 8 "Net-(D2-Pad2)") (solder_mask_margin -999))
    (pad 1 smd rect (at -2.7 0) (size 2.5 0.5) (layers F.Cu)
      (net 9 /row1) (solder_mask_margin -999))
    (pad 2 thru_hole circle (at 3.9 0) (size 1.6 1.6) (drill 0.7) (layers *.Cu *.Mask F.SilkS)
      (net 8 "Net-(D2-Pad2)"))
    (pad 1 thru_hole rect (at -3.9 0) (size 1.6 1.6) (drill 0.7) (layers *.Cu *.Mask F.SilkS)
      (net 9 /row1))
    (pad 1 smd rect (at -1.575 0) (size 1.2 1.2) (layers F.Cu F.Paste F.Mask)
      (net 9 /row1))
    (pad 2 smd rect (at 1.575 0) (size 1.2 1.2) (layers F.Cu F.Paste F.Mask)
      (net 8 "Net-(D2-Pad2)"))
  )

  (module keyboard1:D_SOD123_axial (layer F.Cu) (tedit 561B6A12) (tstamp 5D740B53)
    (at 337.98 99.180001)
    (path /5DB474F0)
    (attr smd)
    (fp_text reference D3 (at 0 1.925) (layer F.SilkS)
      (effects (font (size 0.8 0.8) (thickness 0.15)))
    )
    (fp_text value D (at 0 -1.925) (layer F.SilkS) hide
      (effects (font (size 0.8 0.8) (thickness 0.15)))
    )
    (fp_line (start -2.275 -1.2) (end -2.275 1.2) (layer F.SilkS) (width 0.2))
    (fp_line (start -2.45 -1.2) (end -2.45 1.2) (layer F.SilkS) (width 0.2))
    (fp_line (start -2.625 -1.2) (end -2.625 1.2) (layer F.SilkS) (width 0.2))
    (fp_line (start -3.025 1.2) (end -3.025 -1.2) (layer F.SilkS) (width 0.2))
    (fp_line (start -2.8 -1.2) (end -2.8 1.2) (layer F.SilkS) (width 0.2))
    (fp_line (start -2.925 -1.2) (end -2.925 1.2) (layer F.SilkS) (width 0.2))
    (fp_line (start -3 -1.2) (end 2.8 -1.2) (layer F.SilkS) (width 0.2))
    (fp_line (start 2.8 -1.2) (end 2.8 1.2) (layer F.SilkS) (width 0.2))
    (fp_line (start 2.8 1.2) (end -3 1.2) (layer F.SilkS) (width 0.2))
    (pad 2 smd rect (at 1.575 0) (size 1.2 1.2) (layers F.Cu F.Paste F.Mask)
      (net 10 "Net-(D3-Pad2)"))
    (pad 1 smd rect (at -1.575 0) (size 1.2 1.2) (layers F.Cu F.Paste F.Mask)
      (net 11 /row2))
    (pad 1 thru_hole rect (at -3.9 0) (size 1.6 1.6) (drill 0.7) (layers *.Cu *.Mask F.SilkS)
      (net 11 /row2))
    (pad 2 thru_hole circle (at 3.9 0) (size 1.6 1.6) (drill 0.7) (layers *.Cu *.Mask F.SilkS)
      (net 10 "Net-(D3-Pad2)"))
    (pad 1 smd rect (at -2.7 0) (size 2.5 0.5) (layers F.Cu)
      (net 11 /row2) (solder_mask_margin -999))
    (pad 2 smd rect (at 2.7 0) (size 2.5 0.5) (layers F.Cu)
      (net 10 "Net-(D3-Pad2)") (solder_mask_margin -999))
  )

  (module keyboard1:D_SOD123_axial (layer F.Cu) (tedit 561B6A12) (tstamp 5D740B66)
    (at 266.33 175.340001)
    (path /5DB47601)
    (attr smd)
    (fp_text reference D4 (at 0 1.925) (layer F.SilkS)
      (effects (font (size 0.8 0.8) (thickness 0.15)))
    )
    (fp_text value D (at 0 -1.925) (layer F.SilkS) hide
      (effects (font (size 0.8 0.8) (thickness 0.15)))
    )
    (fp_line (start 2.8 1.2) (end -3 1.2) (layer F.SilkS) (width 0.2))
    (fp_line (start 2.8 -1.2) (end 2.8 1.2) (layer F.SilkS) (width 0.2))
    (fp_line (start -3 -1.2) (end 2.8 -1.2) (layer F.SilkS) (width 0.2))
    (fp_line (start -2.925 -1.2) (end -2.925 1.2) (layer F.SilkS) (width 0.2))
    (fp_line (start -2.8 -1.2) (end -2.8 1.2) (layer F.SilkS) (width 0.2))
    (fp_line (start -3.025 1.2) (end -3.025 -1.2) (layer F.SilkS) (width 0.2))
    (fp_line (start -2.625 -1.2) (end -2.625 1.2) (layer F.SilkS) (width 0.2))
    (fp_line (start -2.45 -1.2) (end -2.45 1.2) (layer F.SilkS) (width 0.2))
    (fp_line (start -2.275 -1.2) (end -2.275 1.2) (layer F.SilkS) (width 0.2))
